a <- 8
b -< 50